Ls = [
0 13.5827
1 13.5793
2 13.5758
3 13.5723
4 13.5689
5 13.5654
6 13.5619
7 13.5584
8 13.5549
9 13.5514
10 13.5479
11 13.5444
12 13.5408
13 13.5373
14 13.5338
15 13.5302
16 13.5267
17 13.5231
18 13.5196
19 13.516
20 13.5124
21 13.5089
22 13.5053
23 13.5017
24 13.4981
25 13.4945
26 13.4909
27 13.4873
28 13.4836
29 13.48
30 13.4764
31 13.4727
32 13.4691
33 13.4654
34 13.4618
35 13.4581
36 13.4544
37 13.4507
38 13.447
39 13.4433
40 13.4396
41 13.4359
42 13.4322
43 13.4285
44 13.4248
45 13.421
46 13.4173
47 13.4135
48 13.4098
49 13.406
50 13.4022
51 13.3985
52 13.3947
53 13.3909
54 13.3871
55 13.3833
56 13.3795
57 13.3757
58 13.3718
59 13.368
60 13.3641
61 13.3603
62 13.3564
63 13.3526
64 13.3487
65 13.3448
66 13.3409
67 13.337
68 13.3331
69 13.3292
70 13.3253
71 13.3214
72 13.3175
73 13.3135
74 13.3096
75 13.3056
76 13.3017
77 13.2977
78 13.2937
79 13.2897
80 13.2857
81 13.2817
82 13.2777
83 13.2737
84 13.2697
85 13.2657
86 13.2616
87 13.2576
88 13.2535
89 13.2494
90 13.2454
91 13.2413
92 13.2372
93 13.2331
94 13.229
95 13.2249
96 13.2208
97 13.2166
98 13.2125
99 13.2083
